{
  "analysis_1_rsa": {
    "spearman_rho": 0.9206655909515195,
    "spearman_p": 5.286477739837965e-134,
    "pearson_r": 0.9234691621613869,
    "pearson_p": 1.998498262733765e-136,
    "noise_ceiling": 0.9974776362015627,
    "noise_ceiling_std": 0.0008083351966615541,
    "rdm_agent": [
      [
        0.0,
        1.9002089144546987,
        1.4115998887570984,
        1.5475782322704499,
        1.766568341966308,
        2.0583036806908295,
        2.2363310888655823,
        2.5398123948566624,
        2.6277266247506965,
        2.9255209513831195,
        3.0848997740704984,
        3.3652878552372134,
        3.5634278805693587,
        3.6535178607350662,
        3.93811344343383,
        4.224335393664548,
        4.472038886134035,
        4.528354429218366,
        5.032883886623192,
        5.217230570166512,
        6.181378560909195,
        5.960024638512208,
        6.145937530849661,
        6.09848014276679,
        6.0925425212184265,
        5.8802509402221155
      ],
      [
        1.9002089144546987,
        0.0,
        1.099531114542159,
        1.3243437432648422,
        1.4251010274242566,
        1.5240902569332788,
        1.7345638673121975,
        1.8616550561528555,
        2.121045465154375,
        2.280302638363552,
        2.5131053382427138,
        2.698925660497126,
        2.9077608676316884,
        3.1134418746196673,
        3.3374423385786534,
        3.595486499735391,
        3.815935869746114,
        4.024743867432441,
        4.337046262423533,
        4.562143379171394,
        5.280553764998626,
        5.230805749838791,
        5.424692199435319,
        5.518254929396627,
        5.688527080601981,
        6.428423558056546
      ],
      [
        1.4115998887570984,
        1.099531114542159,
        0.0,
        0.4677960019653416,
        0.6981107576910658,
        1.1056579638607769,
        1.313313103190553,
        1.6035170218239652,
        1.7931821181859942,
        2.0752500826467086,
        2.2943074614856607,
        2.554474592132727,
        2.789308796569788,
        2.9216808177963904,
        3.191514697353858,
        3.528000065615886,
        3.7697428523712264,
        3.8764536637505156,
        4.345495706522589,
        4.543963976546276,
        5.490952983510577,
        5.312921114302217,
        5.495101627554011,
        5.481910109727837,
        5.526160700056682,
        5.702886686629519
      ],
      [
        1.5475782322704499,
        1.3243437432648422,
        0.4677960019653416,
        0.0,
        0.3129334296081502,
        0.7370422288536121,
        0.947088398910756,
        1.2870903188395386,
        1.434239839464611,
        1.7468947899901903,
        1.958710507519218,
        2.239268505047434,
        2.486667196433499,
        2.6098178864117614,
        2.887822791105261,
        3.2489127272533342,
        3.493531713789846,
        3.5797999475588393,
        4.084079065624888,
        4.279815782159541,
        5.296213143167198,
        5.091551030606739,
        5.276263878684351,
        5.257325630804727,
        5.293940529841553,
        5.431636239675296
      ],
      [
        1.766568341966308,
        1.4251010274242566,
        0.6981107576910658,
        0.3129334296081502,
        0.0,
        0.5312915870372663,
        0.6911484340836953,
        1.012174683835908,
        1.1744044176952253,
        1.476079957569172,
        1.6989431746095376,
        1.973676768026733,
        2.237420377795543,
        2.3557335194577704,
        2.628611411510524,
        3.004801636399363,
        3.246263223243878,
        3.331874264414122,
        3.832778706511893,
        4.025232434772928,
        5.0554461721352855,
        4.852220895492317,
        5.035110758036902,
        5.02219058112196,
        5.064704473130363,
        5.294698375783255
      ],
      [
        2.0583036806908295,
        1.5240902569332788,
        1.1056579638607769,
        0.7370422288536121,
        0.5312915870372663,
        0.0,
        0.29349351665051926,
        0.6334458506514968,
        0.7816131098057073,
        1.0929713948440927,
        1.3103441803799911,
        1.585187635650099,
        1.8467779340417552,
        1.9932128680242251,
        2.257941158977228,
        2.649782698423801,
        2.888125287779306,
        2.997201159611063,
        3.4866665981602596,
        3.688512492253471,
        4.719513960801401,
        4.526459390453093,
        4.716478600247142,
        4.723965631736228,
        4.797289716598062,
        5.217071070762615
      ],
      [
        2.2363310888655823,
        1.7345638673121975,
        1.313313103190553,
        0.947088398910756,
        0.6911484340836953,
        0.29349351665051926,
        0.0,
        0.40498586015093846,
        0.5843704175496311,
        0.8869562348975489,
        1.1222858011157117,
        1.3888138027269885,
        1.6822994607245538,
        1.8078644163031854,
        2.065202985175582,
        2.482505219064365,
        2.7138161360626376,
        2.809573413978207,
        3.307966934410025,
        3.502506343386096,
        4.561594826241802,
        4.358946075211219,
        4.548614007239336,
        4.552463136228887,
        4.616310206815935,
        5.067879238049707
      ],
      [
        2.5398123948566624,
        1.8616550561528555,
        1.6035170218239652,
        1.2870903188395386,
        1.012174683835908,
        0.6334458506514968,
        0.40498586015093846,
        0.0,
        0.4554677293370776,
        0.5945465108089455,
        0.886109765326526,
        1.0982673352818917,
        1.4399559224987981,
        1.5802476807018109,
        1.807634606616314,
        2.235237947880925,
        2.4509200432590523,
        2.576205045738395,
        3.0247022074585064,
        3.2204233425413324,
        4.2459045800343365,
        4.07213112162676,
        4.259477488891792,
        4.290079648621394,
        4.388825966653987,
        5.086115312138013
      ],
      [
        2.6277266247506965,
        2.121045465154375,
        1.7931821181859942,
        1.434239839464611,
        1.1744044176952253,
        0.7816131098057073,
        0.5843704175496311,
        0.4554677293370776,
        0.0,
        0.390202113183541,
        0.5727126809963052,
        0.8627296774521744,
        1.1867931567756664,
        1.2994926060765137,
        1.5695827006801906,
        2.0322843337049337,
        2.2567594991384827,
        2.3524482958476898,
        2.8606542018914545,
        3.0521010206471573,
        4.175497959348865,
        3.94809884363234,
        4.128641054406677,
        4.123074013385022,
        4.19759427168122,
        4.8036456270433625
      ],
      [
        2.9255209513831195,
        2.280302638363552,
        2.0752500826467086,
        1.7468947899901903,
        1.476079957569172,
        1.0929713948440927,
        0.8869562348975489,
        0.5945465108089455,
        0.390202113183541,
        0.0,
        0.38322296419747054,
        0.5664569416638766,
        0.9779404377421893,
        1.100254369997563,
        1.329955107258436,
        1.8109664192870174,
        2.013546149098,
        2.1407915966903293,
        2.5930901706499343,
        2.783788275339277,
        3.881894695273193,
        3.6784773864442255,
        3.858269385550467,
        3.8839984311573565,
        3.9970389973838722,
        4.854059485811567
      ],
      [
        3.0848997740704984,
        2.5131053382427138,
        2.2943074614856607,
        1.958710507519218,
        1.6989431746095376,
        1.3103441803799911,
        1.1222858011157117,
        0.886109765326526,
        0.5727126809963052,
        0.38322296419747054,
        0.0,
        0.3338730334631202,
        0.7158580729998719,
        0.8170737460435359,
        1.0643800583208611,
        1.5793590752388509,
        1.7916332124283878,
        1.9004596432738212,
        2.3868784523771196,
        2.5763677701108945,
        3.7192916299302845,
        3.4817668632950456,
        3.656046957307706,
        3.6593364913295345,
        3.7645066946467827,
        4.649144662294272
      ],
      [
        3.3652878552372134,
        2.698925660497126,
        2.554474592132727,
        2.239268505047434,
        1.973676768026733,
        1.585187635650099,
        1.3888138027269885,
        1.0982673352818917,
        0.8627296774521744,
        0.5664569416638766,
        0.3338730334631202,
        0.0,
        0.5561177589308628,
        0.6618067930279273,
        0.837520161834482,
        1.3719162154170266,
        1.5588601270670939,
        1.6998371407320103,
        2.130393618473355,
        2.320565667199603,
        3.446314099026164,
        3.2283573745577154,
        3.4015874915347717,
        3.4292094775531026,
        3.5681390114092206,
        4.685428920439142
      ],
      [
        3.5634278805693587,
        2.9077608676316884,
        2.789308796569788,
        2.486667196433499,
        2.237420377795543,
        1.8467779340417552,
        1.6822994607245538,
        1.4399559224987981,
        1.1867931567756664,
        0.9779404377421893,
        0.7158580729998719,
        0.5561177589308628,
        0.0,
        0.3174550051904248,
        0.50749859915724,
        1.0044465591885656,
        1.2089059590302704,
        1.3652186342750061,
        1.8067048628036844,
        2.0071002837372527,
        3.2103485233865867,
        2.9761369191109828,
        3.148642730085796,
        3.168737924621737,
        3.312394984628522,
        4.561162297706681
      ],
      [
        3.6535178607350662,
        3.1134418746196673,
        2.9216808177963904,
        2.6098178864117614,
        2.3557335194577704,
        1.9932128680242251,
        1.8078644163031854,
        1.5802476807018109,
        1.2994926060765137,
        1.100254369997563,
        0.8170737460435359,
        0.6618067930279273,
        0.3174550051904248,
        0.0,
        0.35191998270670705,
        0.9770079760849686,
        1.1630152755688903,
        1.2312575609037952,
        1.7407328130374415,
        1.912589182413585,
        3.2014420651330635,
        2.91363183944962,
        3.0782910265215837,
        3.054858865336075,
        3.1470411058042984,
        4.317555406668848
      ],
      [
        3.93811344343383,
        3.3374423385786534,
        3.191514697353858,
        2.887822791105261,
        2.628611411510524,
        2.257941158977228,
        2.065202985175582,
        1.807634606616314,
        1.5695827006801906,
        1.329955107258436,
        1.0643800583208611,
        0.837520161834482,
        0.50749859915724,
        0.35191998270670705,
        0.0,
        0.8141036414151591,
        0.9404404833202072,
        1.0323261643674375,
        1.4821676404666086,
        1.6404500975312613,
        2.9340755005625927,
        2.6545991269937477,
        2.8154850216723197,
        2.8193466693750837,
        2.943689003810223,
        4.350070839769624
      ],
      [
        4.224335393664548,
        3.595486499735391,
        3.528000065615886,
        3.2489127272533342,
        3.004801636399363,
        2.649782698423801,
        2.482505219064365,
        2.235237947880925,
        2.0322843337049337,
        1.8109664192870174,
        1.5793590752388509,
        1.3719162154170266,
        1.0044465591885656,
        0.9770079760849686,
        0.8141036414151591,
        0.0,
        0.3144788899727566,
        0.565381115612392,
        0.9327474300251388,
        1.148550685369752,
        2.4562877960111003,
        2.1732474221836275,
        2.345193950346463,
        2.3858618537238043,
        2.5927891584230918,
        4.340888105358266
      ],
      [
        4.472038886134035,
        3.815935869746114,
        3.7697428523712264,
        3.493531713789846,
        3.246263223243878,
        2.888125287779306,
        2.7138161360626376,
        2.4509200432590523,
        2.2567594991384827,
        2.013546149098,
        1.7916332124283878,
        1.5588601270670939,
        1.2089059590302704,
        1.1630152755688903,
        0.9404404833202072,
        0.3144788899727566,
        0.0,
        0.4531297474975587,
        0.682409000269907,
        0.8896976236740434,
        2.2968284378301886,
        2.0221226510910704,
        2.1816851642527544,
        2.2399351305802293,
        2.4708477779102966,
        4.39062799623495
      ],
      [
        4.528354429218366,
        4.024743867432441,
        3.8764536637505156,
        3.5797999475588393,
        3.331874264414122,
        2.997201159611063,
        2.809573413978207,
        2.576205045738395,
        2.3524482958476898,
        2.1407915966903293,
        1.9004596432738212,
        1.6998371407320103,
        1.3652186342750061,
        1.2312575609037952,
        1.0323261643674375,
        0.565381115612392,
        0.4531297474975587,
        0.0,
        0.7783814211811719,
        0.8870110457011818,
        2.4617319409776384,
        2.08319199100402,
        2.2282131156329097,
        2.186983643821056,
        2.305652751261392,
        4.01181741448722
      ],
      [
        5.032883886623192,
        4.337046262423533,
        4.345495706522589,
        4.084079065624888,
        3.832778706511893,
        3.4866665981602596,
        3.307966934410025,
        3.0247022074585064,
        2.8606542018914545,
        2.5930901706499343,
        2.3868784523771196,
        2.130393618473355,
        1.8067048628036844,
        1.7407328130374415,
        1.4821676404666086,
        0.9327474300251388,
        0.682409000269907,
        0.7783814211811719,
        0.0,
        0.3063433965551266,
        1.770099600235787,
        1.5102744137736015,
        1.6524913657142994,
        1.7744140409848315,
        2.104630563848371,
        4.5274275276611755
      ],
      [
        5.217230570166512,
        4.562143379171394,
        4.543963976546276,
        4.279815782159541,
        4.025232434772928,
        3.688512492253471,
        3.502506343386096,
        3.2204233425413324,
        3.0521010206471573,
        2.783788275339277,
        2.5763677701108945,
        2.320565667199603,
        2.0071002837372527,
        1.912589182413585,
        1.6404500975312613,
        1.148550685369752,
        0.8896976236740434,
        0.8870110457011818,
        0.3063433965551266,
        0.0,
        1.7306904465067325,
        1.4282944578809924,
        1.541034178981501,
        1.6439709607283455,
        1.9481315723030108,
        4.449516952895395
      ],
      [
        6.181378560909195,
        5.280553764998626,
        5.490952983510577,
        5.296213143167198,
        5.0554461721352855,
        4.719513960801401,
        4.561594826241802,
        4.2459045800343365,
        4.175497959348865,
        3.881894695273193,
        3.7192916299302845,
        3.446314099026164,
        3.2103485233865867,
        3.2014420651330635,
        2.9340755005625927,
        2.4562877960111003,
        2.2968284378301886,
        2.4617319409776384,
        1.770099600235787,
        1.7306904465067325,
        0.0,
        0.7691261728114447,
        0.8428532508521087,
        1.4747694640764966,
        2.163663725772274,
        5.543863044264654
      ],
      [
        5.960024638512208,
        5.230805749838791,
        5.312921114302217,
        5.091551030606739,
        4.852220895492317,
        4.526459390453093,
        4.358946075211219,
        4.07213112162676,
        3.94809884363234,
        3.6784773864442255,
        3.4817668632950456,
        3.2283573745577154,
        2.9761369191109828,
        2.91363183944962,
        2.6545991269937477,
        2.1732474221836275,
        2.0221226510910704,
        2.08319199100402,
        1.5102744137736015,
        1.4282944578809924,
        0.7691261728114447,
        0.0,
        0.3232588244020697,
        0.8501275925476398,
        1.5037049955962587,
        4.837616288586484
      ],
      [
        6.145937530849661,
        5.424692199435319,
        5.495101627554011,
        5.276263878684351,
        5.035110758036902,
        4.716478600247142,
        4.548614007239336,
        4.259477488891792,
        4.128641054406677,
        3.858269385550467,
        3.656046957307706,
        3.4015874915347717,
        3.148642730085796,
        3.0782910265215837,
        2.8154850216723197,
        2.345193950346463,
        2.1816851642527544,
        2.2282131156329097,
        1.6524913657142994,
        1.541034178981501,
        0.8428532508521087,
        0.3232588244020697,
        0.0,
        0.6946451151319661,
        1.3997123317515259,
        4.850843593606304
      ],
      [
        6.09848014276679,
        5.518254929396627,
        5.481910109727837,
        5.257325630804727,
        5.02219058112196,
        4.723965631736228,
        4.552463136228887,
        4.290079648621394,
        4.123074013385022,
        3.8839984311573565,
        3.6593364913295345,
        3.4292094775531026,
        3.168737924621737,
        3.054858865336075,
        2.8193466693750837,
        2.3858618537238043,
        2.2399351305802293,
        2.186983643821056,
        1.7744140409848315,
        1.6439709607283455,
        1.4747694640764966,
        0.8501275925476398,
        0.6946451151319661,
        0.0,
        0.760402299732393,
        4.293371583215708
      ],
      [
        6.0925425212184265,
        5.688527080601981,
        5.526160700056682,
        5.293940529841553,
        5.064704473130363,
        4.797289716598062,
        4.616310206815935,
        4.388825966653987,
        4.19759427168122,
        3.9970389973838722,
        3.7645066946467827,
        3.5681390114092206,
        3.312394984628522,
        3.1470411058042984,
        2.943689003810223,
        2.5927891584230918,
        2.4708477779102966,
        2.305652751261392,
        2.104630563848371,
        1.9481315723030108,
        2.163663725772274,
        1.5037049955962587,
        1.3997123317515259,
        0.760402299732393,
        0.0,
        3.661384819097396
      ],
      [
        5.8802509402221155,
        6.428423558056546,
        5.702886686629519,
        5.431636239675296,
        5.294698375783255,
        5.217071070762615,
        5.067879238049707,
        5.086115312138013,
        4.8036456270433625,
        4.854059485811567,
        4.649144662294272,
        4.685428920439142,
        4.561162297706681,
        4.317555406668848,
        4.350070839769624,
        4.340888105358266,
        4.39062799623495,
        4.01181741448722,
        4.5274275276611755,
        4.449516952895395,
        5.543863044264654,
        4.837616288586484,
        4.850843593606304,
        4.293371583215708,
        3.661384819097396,
        0.0
      ]
    ],
    "rdm_ideal": [
      [
        0.0,
        1.0,
        2.0,
        3.0,
        4.0,
        5.0,
        6.0,
        7.0,
        8.0,
        9.0,
        10.0,
        11.0,
        12.0,
        13.0,
        14.0,
        15.0,
        16.0,
        17.0,
        18.0,
        19.0,
        20.0,
        21.0,
        22.0,
        23.0,
        24.0,
        25.0
      ],
      [
        1.0,
        0.0,
        1.0,
        2.0,
        3.0,
        4.0,
        5.0,
        6.0,
        7.0,
        8.0,
        9.0,
        10.0,
        11.0,
        12.0,
        13.0,
        14.0,
        15.0,
        16.0,
        17.0,
        18.0,
        19.0,
        20.0,
        21.0,
        22.0,
        23.0,
        24.0
      ],
      [
        2.0,
        1.0,
        0.0,
        1.0,
        2.0,
        3.0,
        4.0,
        5.0,
        6.0,
        7.0,
        8.0,
        9.0,
        10.0,
        11.0,
        12.0,
        13.0,
        14.0,
        15.0,
        16.0,
        17.0,
        18.0,
        19.0,
        20.0,
        21.0,
        22.0,
        23.0
      ],
      [
        3.0,
        2.0,
        1.0,
        0.0,
        1.0,
        2.0,
        3.0,
        4.0,
        5.0,
        6.0,
        7.0,
        8.0,
        9.0,
        10.0,
        11.0,
        12.0,
        13.0,
        14.0,
        15.0,
        16.0,
        17.0,
        18.0,
        19.0,
        20.0,
        21.0,
        22.0
      ],
      [
        4.0,
        3.0,
        2.0,
        1.0,
        0.0,
        1.0,
        2.0,
        3.0,
        4.0,
        5.0,
        6.0,
        7.0,
        8.0,
        9.0,
        10.0,
        11.0,
        12.0,
        13.0,
        14.0,
        15.0,
        16.0,
        17.0,
        18.0,
        19.0,
        20.0,
        21.0
      ],
      [
        5.0,
        4.0,
        3.0,
        2.0,
        1.0,
        0.0,
        1.0,
        2.0,
        3.0,
        4.0,
        5.0,
        6.0,
        7.0,
        8.0,
        9.0,
        10.0,
        11.0,
        12.0,
        13.0,
        14.0,
        15.0,
        16.0,
        17.0,
        18.0,
        19.0,
        20.0
      ],
      [
        6.0,
        5.0,
        4.0,
        3.0,
        2.0,
        1.0,
        0.0,
        1.0,
        2.0,
        3.0,
        4.0,
        5.0,
        6.0,
        7.0,
        8.0,
        9.0,
        10.0,
        11.0,
        12.0,
        13.0,
        14.0,
        15.0,
        16.0,
        17.0,
        18.0,
        19.0
      ],
      [
        7.0,
        6.0,
        5.0,
        4.0,
        3.0,
        2.0,
        1.0,
        0.0,
        1.0,
        2.0,
        3.0,
        4.0,
        5.0,
        6.0,
        7.0,
        8.0,
        9.0,
        10.0,
        11.0,
        12.0,
        13.0,
        14.0,
        15.0,
        16.0,
        17.0,
        18.0
      ],
      [
        8.0,
        7.0,
        6.0,
        5.0,
        4.0,
        3.0,
        2.0,
        1.0,
        0.0,
        1.0,
        2.0,
        3.0,
        4.0,
        5.0,
        6.0,
        7.0,
        8.0,
        9.0,
        10.0,
        11.0,
        12.0,
        13.0,
        14.0,
        15.0,
        16.0,
        17.0
      ],
      [
        9.0,
        8.0,
        7.0,
        6.0,
        5.0,
        4.0,
        3.0,
        2.0,
        1.0,
        0.0,
        1.0,
        2.0,
        3.0,
        4.0,
        5.0,
        6.0,
        7.0,
        8.0,
        9.0,
        10.0,
        11.0,
        12.0,
        13.0,
        14.0,
        15.0,
        16.0
      ],
      [
        10.0,
        9.0,
        8.0,
        7.0,
        6.0,
        5.0,
        4.0,
        3.0,
        2.0,
        1.0,
        0.0,
        1.0,
        2.0,
        3.0,
        4.0,
        5.0,
        6.0,
        7.0,
        8.0,
        9.0,
        10.0,
        11.0,
        12.0,
        13.0,
        14.0,
        15.0
      ],
      [
        11.0,
        10.0,
        9.0,
        8.0,
        7.0,
        6.0,
        5.0,
        4.0,
        3.0,
        2.0,
        1.0,
        0.0,
        1.0,
        2.0,
        3.0,
        4.0,
        5.0,
        6.0,
        7.0,
        8.0,
        9.0,
        10.0,
        11.0,
        12.0,
        13.0,
        14.0
      ],
      [
        12.0,
        11.0,
        10.0,
        9.0,
        8.0,
        7.0,
        6.0,
        5.0,
        4.0,
        3.0,
        2.0,
        1.0,
        0.0,
        1.0,
        2.0,
        3.0,
        4.0,
        5.0,
        6.0,
        7.0,
        8.0,
        9.0,
        10.0,
        11.0,
        12.0,
        13.0
      ],
      [
        13.0,
        12.0,
        11.0,
        10.0,
        9.0,
        8.0,
        7.0,
        6.0,
        5.0,
        4.0,
        3.0,
        2.0,
        1.0,
        0.0,
        1.0,
        2.0,
        3.0,
        4.0,
        5.0,
        6.0,
        7.0,
        8.0,
        9.0,
        10.0,
        11.0,
        12.0
      ],
      [
        14.0,
        13.0,
        12.0,
        11.0,
        10.0,
        9.0,
        8.0,
        7.0,
        6.0,
        5.0,
        4.0,
        3.0,
        2.0,
        1.0,
        0.0,
        1.0,
        2.0,
        3.0,
        4.0,
        5.0,
        6.0,
        7.0,
        8.0,
        9.0,
        10.0,
        11.0
      ],
      [
        15.0,
        14.0,
        13.0,
        12.0,
        11.0,
        10.0,
        9.0,
        8.0,
        7.0,
        6.0,
        5.0,
        4.0,
        3.0,
        2.0,
        1.0,
        0.0,
        1.0,
        2.0,
        3.0,
        4.0,
        5.0,
        6.0,
        7.0,
        8.0,
        9.0,
        10.0
      ],
      [
        16.0,
        15.0,
        14.0,
        13.0,
        12.0,
        11.0,
        10.0,
        9.0,
        8.0,
        7.0,
        6.0,
        5.0,
        4.0,
        3.0,
        2.0,
        1.0,
        0.0,
        1.0,
        2.0,
        3.0,
        4.0,
        5.0,
        6.0,
        7.0,
        8.0,
        9.0
      ],
      [
        17.0,
        16.0,
        15.0,
        14.0,
        13.0,
        12.0,
        11.0,
        10.0,
        9.0,
        8.0,
        7.0,
        6.0,
        5.0,
        4.0,
        3.0,
        2.0,
        1.0,
        0.0,
        1.0,
        2.0,
        3.0,
        4.0,
        5.0,
        6.0,
        7.0,
        8.0
      ],
      [
        18.0,
        17.0,
        16.0,
        15.0,
        14.0,
        13.0,
        12.0,
        11.0,
        10.0,
        9.0,
        8.0,
        7.0,
        6.0,
        5.0,
        4.0,
        3.0,
        2.0,
        1.0,
        0.0,
        1.0,
        2.0,
        3.0,
        4.0,
        5.0,
        6.0,
        7.0
      ],
      [
        19.0,
        18.0,
        17.0,
        16.0,
        15.0,
        14.0,
        13.0,
        12.0,
        11.0,
        10.0,
        9.0,
        8.0,
        7.0,
        6.0,
        5.0,
        4.0,
        3.0,
        2.0,
        1.0,
        0.0,
        1.0,
        2.0,
        3.0,
        4.0,
        5.0,
        6.0
      ],
      [
        20.0,
        19.0,
        18.0,
        17.0,
        16.0,
        15.0,
        14.0,
        13.0,
        12.0,
        11.0,
        10.0,
        9.0,
        8.0,
        7.0,
        6.0,
        5.0,
        4.0,
        3.0,
        2.0,
        1.0,
        0.0,
        1.0,
        2.0,
        3.0,
        4.0,
        5.0
      ],
      [
        21.0,
        20.0,
        19.0,
        18.0,
        17.0,
        16.0,
        15.0,
        14.0,
        13.0,
        12.0,
        11.0,
        10.0,
        9.0,
        8.0,
        7.0,
        6.0,
        5.0,
        4.0,
        3.0,
        2.0,
        1.0,
        0.0,
        1.0,
        2.0,
        3.0,
        4.0
      ],
      [
        22.0,
        21.0,
        20.0,
        19.0,
        18.0,
        17.0,
        16.0,
        15.0,
        14.0,
        13.0,
        12.0,
        11.0,
        10.0,
        9.0,
        8.0,
        7.0,
        6.0,
        5.0,
        4.0,
        3.0,
        2.0,
        1.0,
        0.0,
        1.0,
        2.0,
        3.0
      ],
      [
        23.0,
        22.0,
        21.0,
        20.0,
        19.0,
        18.0,
        17.0,
        16.0,
        15.0,
        14.0,
        13.0,
        12.0,
        11.0,
        10.0,
        9.0,
        8.0,
        7.0,
        6.0,
        5.0,
        4.0,
        3.0,
        2.0,
        1.0,
        0.0,
        1.0,
        2.0
      ],
      [
        24.0,
        23.0,
        22.0,
        21.0,
        20.0,
        19.0,
        18.0,
        17.0,
        16.0,
        15.0,
        14.0,
        13.0,
        12.0,
        11.0,
        10.0,
        9.0,
        8.0,
        7.0,
        6.0,
        5.0,
        4.0,
        3.0,
        2.0,
        1.0,
        0.0,
        1.0
      ],
      [
        25.0,
        24.0,
        23.0,
        22.0,
        21.0,
        20.0,
        19.0,
        18.0,
        17.0,
        16.0,
        15.0,
        14.0,
        13.0,
        12.0,
        11.0,
        10.0,
        9.0,
        8.0,
        7.0,
        6.0,
        5.0,
        4.0,
        3.0,
        2.0,
        1.0,
        0.0
      ]
    ]
  },
  "analysis_2_geodesic": {
    "centroid_k3": {
      "cv": 1.2707293704402687,
      "pearson_r": 0.783831503787062,
      "pearson_p": 8.214129437415122e-69,
      "consecutive_distances": [
        1.4359609484672546,
        1.0616059005260468,
        0.4677959978580475,
        0.31293344497680664,
        0.5312916040420532,
        0.29349350929260254,
        0.40498587489128113,
        0.45546773076057434,
        0.390202134847641,
        0.3832229673862457,
        0.33387303352355957,
        0.5561177730560303,
        0.317454993724823,
        0.3519199788570404,
        0.8141036629676819,
        0.31447890400886536,
        0.45312973856925964,
        0.7498489320278168,
        0.3063434064388275,
        5.3334848284721375,
        0.7691261768341064,
        0.32325881719589233,
        0.69464510679245,
        0.7604023218154907,
        1.8306924104690552
      ]
    },
    "centroid_k4": {
      "cv": 0.579349559342102,
      "pearson_r": 0.9520025105884753,
      "pearson_p": 3.9591122396970878e-168,
      "consecutive_distances": [
        0.9501044750213623,
        1.0995310544967651,
        0.4677959978580475,
        0.31293344497680664,
        0.5312916040420532,
        0.29349350929260254,
        0.40498587489128113,
        0.45546773076057434,
        0.390202134847641,
        0.3832229673862457,
        0.33387303352355957,
        0.5561177730560303,
        0.317454993724823,
        0.3519199788570404,
        0.8141036629676819,
        0.31447890400886536,
        0.45312973856925964,
        0.7783814072608948,
        0.3063434064388275,
        0.8653451800346375,
        0.7691261768341064,
        0.32325881719589233,
        0.69464510679245,
        0.7604023218154907,
        1.8306924104690552
      ]
    },
    "dense_k5": {
      "cv": 0.11411018375178486,
      "pearson_r": 0.8845422594379211,
      "pearson_p": 5.333180038942937e-109,
      "consecutive_distances": [
        7.816568671713769,
        7.257336014024168,
        7.33195721494183,
        7.278200718314945,
        7.5668294387146835,
        7.5607481380693615,
        8.062175422608107,
        8.207728116480261,
        8.103539347831905,
        8.65588673005104,
        8.820387798152119,
        9.193232816476375,
        8.993182595579325,
        8.77434835523124,
        9.377078305691805,
        8.87297577912584,
        8.505995344281196,
        8.86968708468844,
        9.108627351160445,
        9.718840908134728,
        7.1388618878297505,
        7.269579655623436,
        7.028149971608072,
        6.818985967995971,
        6.007495333444741
      ]
    },
    "dense_k10": {
      "cv": 0.10833121433372297,
      "pearson_r": 0.8697194397378843,
      "pearson_p": 4.4889840722679255e-101,
      "consecutive_distances": [
        5.113657044811546,
        5.105650853581354,
        4.9299691519867626,
        4.940798243051022,
        5.339981990866363,
        5.275828475452214,
        5.592061878304183,
        5.712024525132775,
        5.5331844983585174,
        5.862366886638105,
        6.043500814014673,
        6.333033427076787,
        6.244395239301771,
        6.009224080520868,
        6.781966985926032,
        6.637352861953527,
        6.392972953270376,
        6.527134148196876,
        6.735249228801578,
        7.031735426260531,
        5.70427660356611,
        5.803513722419739,
        5.6559130422249435,
        5.433084977857024,
        4.708648872805966
      ]
    }
  },
  "analysis_3_homomorphism": {
    "he_total": 18.265077590942383,
    "he_per_step": {
      "0->1": 68.53433227539062,
      "1->2": 17.65880012512207,
      "2->3": 2.480882406234741,
      "3->4": 1.183340072631836,
      "4->5": 4.705401420593262,
      "5->6": 0.8947778344154358,
      "6->7": 3.0505025386810303,
      "7->8": 2.401505470275879,
      "8->9": 2.9084742069244385,
      "9->10": 1.5539861917495728,
      "10->11": 1.9521571397781372,
      "11->12": 4.766755104064941,
      "12->13": 0.7876867651939392,
      "13->14": 1.8802573680877686,
      "14->15": 11.232885360717773,
      "15->16": 1.544147253036499,
      "16->17": 2.0435783863067627,
      "17->18": 11.647098541259766,
      "18->19": 0.8244396448135376,
      "19->20": 55.10226058959961,
      "20->21": 8.334670066833496,
      "21->22": 1.3542091846466064,
      "22->23": 6.456418991088867,
      "23->24": 7.868930816650391,
      "24->25": 235.45945739746094
    },
    "mean_displacement_norm": 0.23521004617214203,
    "displacement_norms": {
      "0->1": 1.9002089500427246,
      "1->2": 1.0995310544967651,
      "2->3": 0.4677959978580475,
      "3->4": 0.31293344497680664,
      "4->5": 0.5312915444374084,
      "5->6": 0.29349350929260254,
      "6->7": 0.40498584508895874,
      "7->8": 0.45546773076057434,
      "8->9": 0.390202134847641,
      "9->10": 0.3832229971885681,
      "10->11": 0.33387303352355957,
      "11->12": 0.5561177730560303,
      "12->13": 0.317454993724823,
      "13->14": 0.3519199788570404,
      "14->15": 0.8141036629676819,
      "15->16": 0.31447890400886536,
      "16->17": 0.45312973856925964,
      "17->18": 0.7783814072608948,
      "18->19": 0.3063434064388275,
      "19->20": 1.730690360069275,
      "20->21": 0.7691261768341064,
      "21->22": 0.32325881719589233,
      "22->23": 0.69464510679245,
      "23->24": 0.7604023218154907,
      "24->25": 3.6613848209381104
    },
    "displacement_similarity_mean": 0.18540839850902557,
    "displacement_similarity_min": -0.7249771356582642,
    "mean_pairwise_cosine": 0.2025684118270874
  },
  "analysis_4_anisotropy": {
    "h_t_baseline": 0.8795332312583923,
    "h_t_baseline_std": 0.1560663878917694,
    "displacement_baseline": 0.09758101403713226,
    "displacement_baseline_std": 0.3643389940261841,
    "consecutive_raw": {
      "0\u21921 vs 1\u21922": -0.6765652894973755,
      "1\u21922 vs 2\u21923": 0.3169831931591034,
      "2\u21923 vs 3\u21924": 0.5826878547668457,
      "3\u21924 vs 4\u21925": 0.4902990758419037,
      "4\u21925 vs 5\u21926": 0.35040250420570374,
      "5\u21926 vs 6\u21927": 0.635624885559082,
      "6\u21927 vs 7\u21928": -0.08125323057174683,
      "7\u21928 vs 8\u21929": -0.0175074003636837,
      "8\u21929 vs 9\u219210": 0.09657402336597443,
      "9\u219210 vs 10\u219211": 0.24440596997737885,
      "10\u219211 vs 11\u219212": 0.246979221701622,
      "11\u219212 vs 12\u219213": 0.07914131879806519,
      "12\u219213 vs 13\u219214": 0.1473766565322876,
      "13\u219214 vs 14\u219215": 0.2930760383605957,
      "14\u219215 vs 15\u219216": 0.23976123332977295,
      "15\u219216 vs 16\u219217": 0.054148394614458084,
      "16\u219217 vs 17\u219218": -0.4898136556148529,
      "17\u219218 vs 18\u219219": 0.18256227672100067,
      "18\u219219 vs 19\u219220": 0.0416051410138607,
      "19\u219220 vs 20\u219221": -0.5810220837593079,
      "20\u219221 vs 21\u219222": 0.02885904535651207,
      "21\u219222 vs 22\u219223": 0.30213475227355957,
      "22\u219223 vs 23\u219224": 0.850468099117279,
      "23\u219224 vs 24\u219225": 0.799010157585144
    },
    "consecutive_corrected_disp": {
      "0\u21921 vs 1\u21922": -0.774146318435669,
      "1\u21922 vs 2\u21923": 0.21940217912197113,
      "2\u21923 vs 3\u21924": 0.48510682582855225,
      "3\u21924 vs 4\u21925": 0.3927180767059326,
      "4\u21925 vs 5\u21926": 0.25282150506973267,
      "5\u21926 vs 6\u21927": 0.5380438566207886,
      "6\u21927 vs 7\u21928": -0.1788342446088791,
      "7\u21928 vs 8\u21929": -0.11508841812610626,
      "8\u21929 vs 9\u219210": -0.001006990671157837,
      "9\u219210 vs 10\u219211": 0.14682495594024658,
      "10\u219211 vs 11\u219212": 0.14939820766448975,
      "11\u219212 vs 12\u219213": -0.018439695239067078,
      "12\u219213 vs 13\u219214": 0.049795642495155334,
      "13\u219214 vs 14\u219215": 0.19549502432346344,
      "14\u219215 vs 15\u219216": 0.14218021929264069,
      "15\u219216 vs 16\u219217": -0.04343261942267418,
      "16\u219217 vs 17\u219218": -0.587394654750824,
      "17\u219218 vs 18\u219219": 0.08498126268386841,
      "18\u219219 vs 19\u219220": -0.05597587302327156,
      "19\u219220 vs 20\u219221": -0.6786031126976013,
      "20\u219221 vs 21\u219222": -0.0687219649553299,
      "21\u219222 vs 22\u219223": 0.2045537382364273,
      "22\u219223 vs 23\u219224": 0.7528870701789856,
      "23\u219224 vs 24\u219225": 0.7014291286468506
    },
    "mean_raw_consecutive": 0.17233075201511383,
    "mean_all_pairs_raw": 0.2025684118270874,
    "mean_corrected_disp": 0.07474974542856216
  },
  "analysis_5_topology": {
    "skipped": true
  },
  "verdict": "MIXED RESULTS. See per-transition breakdown for details on which count transitions show successor-like structure."
}