{
  "transitions": [
    {
      "from": 0,
      "to": 1,
      "bits_from": "0000",
      "bits_to": "0001",
      "carry_depth": 0,
      "bits_flipped": 1
    },
    {
      "from": 1,
      "to": 2,
      "bits_from": "0001",
      "bits_to": "0010",
      "carry_depth": 1,
      "bits_flipped": 2
    },
    {
      "from": 2,
      "to": 3,
      "bits_from": "0010",
      "bits_to": "0011",
      "carry_depth": 0,
      "bits_flipped": 1
    },
    {
      "from": 3,
      "to": 4,
      "bits_from": "0011",
      "bits_to": "0100",
      "carry_depth": 2,
      "bits_flipped": 3
    },
    {
      "from": 4,
      "to": 5,
      "bits_from": "0100",
      "bits_to": "0101",
      "carry_depth": 0,
      "bits_flipped": 1
    },
    {
      "from": 5,
      "to": 6,
      "bits_from": "0101",
      "bits_to": "0110",
      "carry_depth": 1,
      "bits_flipped": 2
    },
    {
      "from": 6,
      "to": 7,
      "bits_from": "0110",
      "bits_to": "0111",
      "carry_depth": 0,
      "bits_flipped": 1
    },
    {
      "from": 7,
      "to": 8,
      "bits_from": "0111",
      "bits_to": "1000",
      "carry_depth": 3,
      "bits_flipped": 4
    },
    {
      "from": 8,
      "to": 9,
      "bits_from": "1000",
      "bits_to": "1001",
      "carry_depth": 0,
      "bits_flipped": 1
    },
    {
      "from": 9,
      "to": 10,
      "bits_from": "1001",
      "bits_to": "1010",
      "carry_depth": 1,
      "bits_flipped": 2
    },
    {
      "from": 10,
      "to": 11,
      "bits_from": "1010",
      "bits_to": "1011",
      "carry_depth": 0,
      "bits_flipped": 1
    },
    {
      "from": 11,
      "to": 12,
      "bits_from": "1011",
      "bits_to": "1100",
      "carry_depth": 2,
      "bits_flipped": 3
    },
    {
      "from": 12,
      "to": 13,
      "bits_from": "1100",
      "bits_to": "1101",
      "carry_depth": 0,
      "bits_flipped": 1
    },
    {
      "from": 13,
      "to": 14,
      "bits_from": "1101",
      "bits_to": "1110",
      "carry_depth": 1,
      "bits_flipped": 2
    }
  ],
  "magnitudes": [
    5.996854782104492,
    6.898110866546631,
    5.5678391456604,
    8.235709190368652,
    5.873291492462158,
    7.298065185546875,
    5.829597473144531,
    9.400972366333008,
    5.815631866455078,
    7.508605003356934,
    5.845977783203125,
    8.916318893432617,
    6.073389530181885,
    7.4125823974609375
  ],
  "depth_magnitude_correlation": 0.9806265800514388,
  "pca_variance_explained": [
    0.47912588715553284,
    0.2744612395763397,
    0.08899538218975067,
    0.04111604019999504,
    0.022505883127450943,
    0.020475372672080994,
    0.017812922596931458,
    0.0142440777271986,
    0.011350470595061779,
    0.010697128251194954,
    0.008589353412389755,
    0.005552749615162611,
    0.0050735087133944035,
    5.159871875338442e-15
  ],
  "cosine_similarity_matrix": [
    [
      1.0,
      -0.44142115116119385,
      0.4739271402359009,
      -0.504478931427002,
      0.6580539345741272,
      -0.3774735927581787,
      0.42978107929229736,
      -0.3838069438934326,
      0.6586548089981079,
      -0.3848898410797119,
      0.4826148748397827,
      -0.48635900020599365,
      0.6664465665817261,
      -0.38919031620025635
    ],
    [
      -0.44142115116119385,
      1.0,
      -0.5519595146179199,
      -0.011498570442199707,
      -0.5037271976470947,
      0.8580347299575806,
      -0.5781576633453369,
      0.0031009912490844727,
      -0.5165112018585205,
      0.8658803105354309,
      -0.5804158449172974,
      -0.049495577812194824,
      -0.5059812068939209,
      0.8440724611282349
    ],
    [
      0.4739271402359009,
      -0.5519595146179199,
      1.0,
      -0.3788177967071533,
      0.5829859972000122,
      -0.638504147529602,
      0.6961291432380676,
      -0.43390393257141113,
      0.6569932699203491,
      -0.5945583581924438,
      0.7814943194389343,
      -0.3706306219100952,
      0.5662431716918945,
      -0.5703428983688354
    ],
    [
      -0.504478931427002,
      -0.011498570442199707,
      -0.3788177967071533,
      1.0,
      -0.5311300754547119,
      -0.030151009559631348,
      -0.4667692184448242,
      0.4367157816886902,
      -0.5995873212814331,
      -0.017621636390686035,
      -0.4043750762939453,
      0.8607305884361267,
      -0.5421695709228516,
      -0.06032145023345947
    ],
    [
      0.6580539345741272,
      -0.5037271976470947,
      0.5829859972000122,
      -0.5311300754547119,
      1.0,
      -0.3949662446975708,
      0.5436170101165771,
      -0.503549337387085,
      0.7646528482437134,
      -0.48610126972198486,
      0.576534628868103,
      -0.5472145080566406,
      0.8014949560165405,
      -0.42324817180633545
    ],
    [
      -0.3774735927581787,
      0.8580347299575806,
      -0.638504147529602,
      -0.030151009559631348,
      -0.3949662446975708,
      1.0,
      -0.4997689723968506,
      -0.0384218692779541,
      -0.5205073356628418,
      0.8242461085319519,
      -0.5819108486175537,
      -0.054056644439697266,
      -0.47213518619537354,
      0.820449709892273
    ],
    [
      0.42978107929229736,
      -0.5781576633453369,
      0.6961291432380676,
      -0.4667692184448242,
      0.5436170101165771,
      -0.4997689723968506,
      1.0,
      -0.4068669080734253,
      0.6426132321357727,
      -0.5863525867462158,
      0.733557403087616,
      -0.3784513473510742,
      0.523764431476593,
      -0.5410223007202148
    ],
    [
      -0.3838069438934326,
      0.0031009912490844727,
      -0.43390393257141113,
      0.4367157816886902,
      -0.503549337387085,
      -0.0384218692779541,
      -0.4068669080734253,
      1.0,
      -0.4965033531188965,
      -0.0254976749420166,
      -0.5176442861557007,
      0.41903185844421387,
      -0.451374888420105,
      -0.041074395179748535
    ],
    [
      0.6586548089981079,
      -0.5165112018585205,
      0.6569932699203491,
      -0.5995873212814331,
      0.7646528482437134,
      -0.5205073356628418,
      0.6426132321357727,
      -0.4965033531188965,
      1.0,
      -0.48079395294189453,
      0.6743053793907166,
      -0.560673713684082,
      0.7743148803710938,
      -0.48435497283935547
    ],
    [
      -0.3848898410797119,
      0.8658803105354309,
      -0.5945583581924438,
      -0.017621636390686035,
      -0.48610126972198486,
      0.8242461085319519,
      -0.5863525867462158,
      -0.0254976749420166,
      -0.48079395294189453,
      1.0,
      -0.5222253799438477,
      -0.07359480857849121,
      -0.508762001991272,
      0.8392764925956726
    ],
    [
      0.4826148748397827,
      -0.5804158449172974,
      0.7814943194389343,
      -0.4043750762939453,
      0.576534628868103,
      -0.5819108486175537,
      0.733557403087616,
      -0.5176442861557007,
      0.6743053793907166,
      -0.5222253799438477,
      1.0,
      -0.32344043254852295,
      0.5625783801078796,
      -0.5902788639068604
    ],
    [
      -0.48635900020599365,
      -0.049495577812194824,
      -0.3706306219100952,
      0.8607305884361267,
      -0.5472145080566406,
      -0.054056644439697266,
      -0.3784513473510742,
      0.41903185844421387,
      -0.560673713684082,
      -0.07359480857849121,
      -0.32344043254852295,
      1.0,
      -0.5048904418945312,
      -0.061055779457092285
    ],
    [
      0.6664465665817261,
      -0.5059812068939209,
      0.5662431716918945,
      -0.5421695709228516,
      0.8014949560165405,
      -0.47213518619537354,
      0.523764431476593,
      -0.451374888420105,
      0.7743148803710938,
      -0.508762001991272,
      0.5625783801078796,
      -0.5048904418945312,
      1.0,
      -0.38895463943481445
    ],
    [
      -0.38919031620025635,
      0.8440724611282349,
      -0.5703428983688354,
      -0.06032145023345947,
      -0.42324817180633545,
      0.820449709892273,
      -0.5410223007202148,
      -0.041074395179748535,
      -0.48435497283935547,
      0.8392764925956726,
      -0.5902788639068604,
      -0.061055779457092285,
      -0.38895463943481445,
      1.0
    ]
  ],
  "bit_decomposition": [
    [
      1.505703330039978,
      -0.0017728917300701141,
      -0.0009823739528656006,
      -0.0009455159306526184
    ],
    [
      -1.505596399307251,
      1.4979572296142578,
      9.6932053565979e-06,
      -0.0005072653293609619
    ],
    [
      1.4023908376693726,
      -0.05979456007480621,
      0.0004866868257522583,
      1.932680606842041e-05
    ],
    [
      -1.4025450944900513,
      -1.4371458292007446,
      1.4579675197601318,
      0.0017036348581314087
    ],
    [
      1.5315630435943604,
      -0.0007548071444034576,
      -0.0005246400833129883,
      -0.002136602997779846
    ],
    [
      -1.5328741073608398,
      1.4971994161605835,
      0.0008835494518280029,
      0.0013485848903656006
    ],
    [
      1.3547451496124268,
      -0.1342829316854477,
      -0.04330563172698021,
      0.0023796185851097107
    ],
    [
      -1.354284405708313,
      -1.3628937005996704,
      -1.4146111011505127,
      1.649101734161377
    ],
    [
      1.546328067779541,
      0.0006361454725265503,
      -0.0016276836395263672,
      0.003224693238735199
    ],
    [
      -1.5455751419067383,
      1.4971051216125488,
      0.0009132921695709229,
      0.000792481005191803
    ],
    [
      1.4700087308883667,
      -0.03908410295844078,
      -0.00019691139459609985,
      -0.0009479522705078125
    ],
    [
      -1.4708443880081177,
      -1.4582161903381348,
      1.4581127166748047,
      0.000253237783908844
    ],
    [
      1.5540919303894043,
      0.0002015829086303711,
      0.0013592913746833801,
      0.00014775246381759644
    ],
    [
      -1.5541194677352905,
      1.4964861869812012,
      -0.0007075220346450806,
      5.5477023124694824e-05
    ]
  ],
  "anticipation_onsets": {
    "0": [
      5.0,
      6.0,
      21.0,
      11.0,
      30.0,
      12.0,
      30.0,
      6.0,
      6.0,
      9.0,
      30.0,
      30.0,
      12.0,
      30.0,
      8.0,
      10.0,
      15.0,
      9.0,
      30.0,
      13.0,
      30.0,
      9.0,
      4.0,
      11.0,
      30.0,
      30.0,
      17.0,
      30.0,
      6.0,
      9.0,
      22.0,
      29.0,
      30.0,
      11.0,
      30.0,
      8.0,
      26.0,
      27.0,
      29.0,
      30.0,
      30.0,
      30.0,
      10.0,
      15.0,
      28.0,
      7.0,
      30.0,
      30.0,
      30.0,
      5.0,
      14.0,
      13.0,
      10.0,
      15.0,
      14.0,
      30.0,
      6.0,
      16.0,
      11.0,
      9.0,
      16.0,
      15.0,
      30.0,
      5.0,
      17.0,
      13.0,
      9.0,
      16.0,
      30.0,
      30.0,
      8.0,
      7.0,
      15.0,
      6.0,
      25.0,
      30.0,
      30.0,
      6.0,
      8.0,
      22.0,
      9.0,
      17.0,
      17.0,
      30.0,
      7.0,
      20.0,
      25.0,
      6.0,
      20.0,
      11.0,
      30.0,
      4.0,
      18.0,
      30.0,
      30.0,
      30.0,
      30.0,
      30.0,
      5.0,
      13.0,
      14.0,
      7.0,
      25.0,
      28.0,
      30.0
    ],
    "1": [
      2.0,
      3.0,
      3.0,
      3.0,
      2.0,
      3.0,
      3.0,
      3.0,
      2.0,
      3.0,
      3.0,
      3.0,
      2.0,
      3.0,
      3.0,
      3.0,
      2.0,
      3.0,
      3.0,
      3.0,
      2.0,
      3.0,
      3.0,
      3.0,
      2.0,
      3.0,
      3.0,
      3.0,
      2.0,
      3.0,
      3.0,
      3.0,
      2.0,
      3.0,
      3.0,
      3.0,
      2.0,
      3.0,
      3.0,
      3.0,
      2.0,
      3.0,
      3.0,
      3.0,
      2.0,
      3.0,
      3.0,
      3.0,
      2.0,
      3.0,
      3.0,
      3.0,
      2.0,
      2.0,
      3.0,
      4.0,
      2.0,
      3.0,
      3.0,
      4.0
    ],
    "2": [
      5.0,
      6.0,
      5.0,
      6.0,
      5.0,
      6.0,
      5.0,
      6.0,
      5.0,
      6.0,
      5.0,
      6.0,
      5.0,
      6.0,
      5.0,
      6.0,
      5.0,
      6.0,
      5.0,
      6.0,
      5.0,
      6.0,
      5.0,
      6.0,
      5.0,
      6.0,
      5.0,
      6.0,
      5.0,
      6.0
    ],
    "3": [
      8.0,
      8.0,
      8.0,
      9.0,
      8.0,
      8.0,
      9.0,
      8.0,
      8.0,
      8.0,
      9.0,
      9.0,
      9.0,
      8.0,
      9.0
    ]
  },
  "comparison": {
    "n_components_90pct": 5,
    "magnitude_cv": 0.17590688169002533,
    "mean_adjacent_cosine": -0.4555183740762564,
    "max_magnitude": 9.400972366333008,
    "min_magnitude": 5.5678391456604,
    "max_min_ratio": 1.6884417533874512,
    "max_transition": "7\u21928",
    "min_transition": "2\u21923"
  }
}